x y z
0 0 50
0.1 4.97515 49.5045
0.2 9.90119 49.0177
0.3 14.779 48.5395
0.4 19.6094 48.0696
0.5 24.3932 47.6077
0.6 29.1312 47.1537
0.7 33.8242 46.7074
0.8 38.4729 46.2686
0.9 43.0781 45.837
1 47.6405 45.4124
1.1 52.1608 44.9948
1.2 56.6397 44.5839
1.3 61.0778 44.1796
1.4 65.4758 43.7817
1.5 69.8344 43.39
1.6 74.154 43.0043
1.7 78.4354 42.6247
1.8 82.6792 42.2508
1.9 86.8858 41.8825
2 91.0559 41.5198
2.1 95.1899 41.1625
2.2 99.2885 40.8105
2.3 103.352 40.4636
2.4 107.381 40.1217
2.5 111.377 39.7847
2.6 115.339 39.4526
2.7 119.267 39.1251
2.8 123.164 38.8022
2.9 127.028 38.4838
3 130.861 38.1698
3.1 134.662 37.8601
3.2 138.433 37.5547
3.3 142.173 37.2533
3.4 145.884 36.9559
3.5 149.564 36.6625
3.6 153.216 36.3729
3.7 156.839 36.0871
3.8 160.434 35.805
3.9 164 35.5265
4 167.539 35.2516
4.1 171.051 34.9802
4.2 174.535 34.7121
4.3 177.993 34.4474
4.4 181.425 34.186
4.5 184.831 33.9277
4.6 188.211 33.6726
4.7 191.565 33.4206
4.8 194.895 33.1716
4.9 198.2 32.9256
5 201.48 32.6825
5.1 204.736 32.4422
5.2 207.969 32.2047
5.3 211.177 31.97
5.4 214.363 31.7379
5.5 217.525 31.5085
5.6 220.664 31.2817
5.7 223.781 31.0574
5.8 226.876 30.8357
5.9 229.949 30.6164
6 232.999 30.3995
6.1 236.029 30.1849
6.2 239.036 29.9727
6.3 242.023 29.7628
6.4 244.989 29.5551
6.5 247.934 29.3496
6.6 250.859 29.1463
6.7 253.764 28.9451
6.8 256.648 28.746
6.9 259.513 28.5489
7 262.358 28.3539
7.1 265.184 28.1609
7.2 267.99 27.9698
7.3 270.778 27.7806
7.4 273.546 27.5933
7.5 276.296 27.4079
7.6 279.028 27.2243
7.7 281.741 27.0425
7.8 284.437 26.8624
7.9 287.114 26.6841
8 289.773 26.5075
8.1 292.415 26.3326
8.2 295.04 26.1593
8.3 297.647 25.9877
8.4 300.238 25.8176
8.5 302.811 25.6492
8.6 305.367 25.4823
8.7 307.907 25.3169
8.8 310.431 25.153
8.9 312.938 24.9906
9 315.429 24.8297
9.1 317.904 24.6702
9.2 320.363 24.5121
9.3 322.806 24.3554
9.4 325.234 24.2
9.5 327.647 24.0461
9.6 330.044 23.8934
9.7 332.425 23.7421
9.8 334.792 23.592
9.9 337.144 23.4432
10 339.481 23.2957
10.1 341.803 23.1494
10.2 344.111 23.0044
10.3 346.404 22.8605
10.4 348.683 22.7178
10.5 350.947 22.5763
10.6 353.198 22.4359
10.7 355.435 22.2967
10.8 357.657 22.1585
10.9 359.866 22.0215
11 362.062 21.8856
11.1 364.244 21.7507
11.2 366.412 21.6169
11.3 368.567 21.4841
11.4 370.709 21.3523
11.5 372.837 21.2216
11.6 374.953 21.0918
11.7 377.056 20.9631
11.8 379.146 20.8353
11.9 381.223 20.7084
12 383.287 20.5825
12.1 385.339 20.4576
12.2 387.379 20.3335
12.3 389.406 20.2104
12.4 391.421 20.0882
12.5 393.424 19.9668
12.6 395.415 19.8463
12.7 397.393 19.7267
12.8 399.36 19.6079
12.9 401.315 19.49
13 403.258 19.3729
13.1 405.189 19.2566
13.2 407.109 19.1411
13.3 409.018 19.0264
13.4 410.915 18.9124
13.5 412.8 18.7993
13.6 414.674 18.6869
13.7 416.538 18.5753
13.8 418.39 18.4644
13.9 420.23 18.3543
14 422.06 18.2449
14.1 423.879 18.1362
14.2 425.688 18.0282
14.3 427.485 17.9209
14.4 429.272 17.8143
14.5 431.048 17.7084
14.6 432.814 17.6032
14.7 434.569 17.4986
14.8 436.313 17.3947
14.9 438.048 17.2914
15 439.772 17.1888
15.1 441.485 17.0868
15.2 443.189 16.9855
15.3 444.883 16.8848
15.4 446.566 16.7846
15.5 448.239 16.6851
15.6 449.903 16.5862
15.7 451.557 16.4878
15.8 453.201 16.3901
15.9 454.835 16.2929
16 456.459 16.1963
16.1 458.074 16.1003
16.2 459.679 16.0048
16.3 461.275 15.9098
16.4 462.861 15.8155
16.5 464.438 15.7216
16.6 466.006 15.6283
16.7 467.564 15.5355
16.8 469.113 15.4432
16.9 470.652 15.3514
17 472.183 15.2602
17.1 473.705 15.1694
17.2 475.217 15.0791
17.3 476.72 14.9894
17.4 478.215 14.9001
17.5 479.7 14.8113
17.6 481.177 14.7229
17.7 482.645 14.635
17.8 484.104 14.5476
17.9 485.555 14.4607
18 486.996 14.3742
18.1 488.429 14.2881
18.2 489.854 14.2025
18.3 491.27 14.1174
18.4 492.677 14.0326
18.5 494.076 13.9483
18.6 495.467 13.8644
18.7 496.849 13.781
18.8 498.223 13.6979
18.9 499.589 13.6153
19 500.946 13.533
19.1 502.296 13.4512
19.2 503.637 13.3697
19.3 504.97 13.2887
19.4 506.294 13.208
19.5 507.611 13.1277
19.6 508.92 13.0478
19.7 510.221 12.9683
19.8 511.514 12.8892
19.9 512.799 12.8104
20 514.076 12.7319
20.1 515.345 12.6539
20.2 516.606 12.5762
20.3 517.86 12.4988
20.4 519.106 12.4218
20.5 520.345 12.3451
20.6 521.575 12.2688
20.7 522.798 12.1928
20.8 524.014 12.1172
20.9 525.222 12.0419
21 526.422 11.9669
21.1 527.615 11.8922
21.2 528.801 11.8178
21.3 529.979 11.7438
21.4 531.149 11.6701
21.5 532.313 11.5967
21.6 533.469 11.5236
21.7 534.618 11.4507
21.8 535.759 11.3782
21.9 536.893 11.306
22 538.02 11.2341
22.1 539.14 11.1625
22.2 540.253 11.0912
22.3 541.358 11.0201
22.4 542.457 10.9493
22.5 543.548 10.8789
22.6 544.632 10.8086
22.7 545.71 10.7387
22.8 546.78 10.669
22.9 547.844 10.5996
23 548.9 10.5305
23.1 549.95 10.4616
23.2 550.993 10.393
23.3 552.028 10.3247
23.4 553.057 10.2565
23.5 554.08 10.1887
23.6 555.095 10.1211
23.7 556.104 10.0537
23.8 557.106 9.98662
23.9 558.101 9.91975
24 559.09 9.85312
24.1 560.072 9.78672
24.2 561.047 9.72056
24.3 562.016 9.65463
24.4 562.978 9.58893
24.5 563.934 9.52346
24.6 564.883 9.45821
24.7 565.825 9.39318
24.8 566.762 9.32837
24.9 567.691 9.26378
25 568.614 9.19941
25.1 569.531 9.13525
25.2 570.441 9.0713
25.3 571.345 9.00756
25.4 572.243 8.94402
25.5 573.134 8.88069
25.6 574.019 8.81757
25.7 574.898 8.75464
25.8 575.77 8.69191
25.9 576.636 8.62938
26 577.496 8.56705
26.1 578.349 8.5049
26.2 579.197 8.44295
26.3 580.038 8.38118
26.4 580.873 8.3196
26.5 581.702 8.25821
26.6 582.525 8.197
26.7 583.341 8.13596
26.8 584.152 8.07511
26.9 584.956 8.01444
27 585.755 7.95394
27.1 586.547 7.89361
27.2 587.334 7.83346
27.3 588.114 7.77347
27.4 588.888 7.71365
27.5 589.657 7.654
27.6 590.419 7.59451
27.7 591.176 7.53519
27.8 591.926 7.47603
27.9 592.671 7.41703
28 593.409 7.35818
28.1 594.142 7.29949
28.2 594.869 7.24095
28.3 595.591 7.18257
28.4 596.306 7.12434
28.5 597.015 7.06626
28.6 597.719 7.00832
28.7 598.417 6.95054
28.8 599.109 6.89289
28.9 599.796 6.83539
29 600.476 6.77804
29.1 601.151 6.72082
29.2 601.821 6.66374
29.3 602.484 6.6068
29.4 603.142 6.54999
29.5 603.794 6.49332
29.6 604.441 6.43678
29.7 605.081 6.38037
29.8 605.717 6.32409
29.9 606.346 6.26794
30 606.97 6.21191
30.1 607.589 6.15601
30.2 608.201 6.10024
30.3 608.809 6.04459
30.4 609.41 5.98906
30.5 610.007 5.93364
30.6 610.597 5.87835
30.7 611.182 5.82318
30.8 611.762 5.76812
30.9 612.336 5.71317
31 612.904 5.65834
31.1 613.467 5.60362
31.2 614.025 5.54901
31.3 614.577 5.49451
31.4 615.124 5.44012
31.5 615.665 5.38583
31.6 616.201 5.33165
31.7 616.732 5.27758
31.8 617.257 5.2236
31.9 617.776 5.16973
32 618.291 5.11596
32.1 618.8 5.06229
32.2 619.303 5.00871
32.3 619.801 4.95523
32.4 620.294 4.90185
32.5 620.782 4.84856
32.6 621.264 4.79537
32.7 621.741 4.74227
32.8 622.212 4.68926
32.9 622.679 4.63633
33 623.14 4.5835
33.1 623.595 4.53075
33.2 624.046 4.47809
33.3 624.491 4.42552
33.4 624.931 4.37303
33.5 625.366 4.32062
33.6 625.795 4.26829
33.7 626.219 4.21604
33.8 626.638 4.16388
33.9 627.052 4.11179
34 627.461 4.05978
34.1 627.864 4.00784
34.2 628.262 3.95598
34.3 628.655 3.90419
34.4 629.043 3.85248
34.5 629.426 3.80084
34.6 629.803 3.74927
34.7 630.175 3.69777
34.8 630.543 3.64633
34.9 630.905 3.59497
35 631.262 3.54367
35.1 631.613 3.49244
35.2 631.96 3.44127
35.3 632.302 3.39017
35.4 632.638 3.33912
35.5 632.97 3.28814
35.6 633.296 3.23722
35.7 633.617 3.18636
35.8 633.933 3.13556
35.9 634.244 3.08481
36 634.55 3.03412
36.1 634.851 2.98349
36.2 635.147 2.93291
36.3 635.438 2.88239
36.4 635.723 2.83191
36.5 636.004 2.78149
36.6 636.28 2.73112
36.7 636.55 2.6808
36.8 636.816 2.63053
36.9 637.076 2.58031
37 637.332 2.53013
37.1 637.582 2.48
37.2 637.828 2.42991
37.3 638.068 2.37986
37.4 638.304 2.32986
37.5 638.534 2.27991
37.6 638.76 2.22999
37.7 638.98 2.18011
37.8 639.196 2.13027
37.9 639.406 2.08047
38 639.612 2.03071
38.1 639.812 1.98099
38.2 640.008 1.9313
38.3 640.199 1.88164
38.4 640.384 1.83202
38.5 640.565 1.78243
38.6 640.741 1.73287
38.7 640.912 1.68334
38.8 641.078 1.63385
38.9 641.238 1.58438
39 641.394 1.53494
39.1 641.545 1.48553
39.2 641.692 1.43615
39.3 641.833 1.38679
39.4 641.969 1.33745
39.5 642.1 1.28814
39.6 642.227 1.23885
39.7 642.348 1.18959
39.8 642.464 1.14034
39.9 642.576 1.09112
40 642.683 1.04191
40.1 642.784 0.992725
40.2 642.881 0.943556
40.3 642.973 0.894403
40.4 643.06 0.845267
40.5 643.142 0.796145
40.6 643.219 0.747038
40.7 643.292 0.697944
40.8 643.359 0.648862
40.9 643.421 0.599791
41 643.479 0.550732
41.1 643.531 0.501682
41.2 643.579 0.452641
41.3 643.622 0.403608
41.4 643.66 0.354582
41.5 643.693 0.305562
41.6 643.721 0.256548
41.7 643.744 0.207538
41.8 643.763 0.158532
41.9 643.776 0.109528
42 643.784 0.0605272
42.1 643.788 0.0115269
42.2 643.787 -0.0374732
42.3 643.781 -0.0864739
42.4 643.769 -0.135476
42.5 643.753 -0.184481
42.6 643.733 -0.233489
42.7 643.707 -0.282501
42.8 643.676 -0.331518
42.9 643.64 -0.380541
43 643.6 -0.42957
43.1 643.555 -0.478608
43.2 643.504 -0.527653
43.3 643.449 -0.576708
43.4 643.389 -0.625774
43.5 643.324 -0.67485
43.6 643.254 -0.723938
43.7 643.179 -0.773039
43.8 643.099 -0.822154
43.9 643.015 -0.871283
44 642.925 -0.920428
44.1 642.831 -0.969589
44.2 642.731 -1.01877
44.3 642.627 -1.06796
44.4 642.518 -1.11718
44.5 642.403 -1.16641
44.6 642.284 -1.21567
44.7 642.16 -1.26495
44.8 642.031 -1.31425
44.9 641.897 -1.36357
45 641.759 -1.41292
45.1 641.615 -1.46229
45.2 641.466 -1.51169
45.3 641.312 -1.56112
45.4 641.154 -1.61057
45.5 640.99 -1.66005
45.6 640.822 -1.70957
45.7 640.648 -1.75911
45.8 640.47 -1.80868
45.9 640.287 -1.85829
46 640.098 -1.90793
46.1 639.905 -1.9576
46.2 639.707 -2.00731
46.3 639.504 -2.05706
46.4 639.295 -2.10684
46.5 639.082 -2.15666
46.6 638.864 -2.20652
46.7 638.641 -2.25642
46.8 638.413 -2.30635
46.9 638.18 -2.35633
47 637.942 -2.40636
47.1 637.698 -2.45642
47.2 637.45 -2.50654
47.3 637.197 -2.55669
47.4 636.939 -2.60689
47.5 636.676 -2.65714
47.6 636.408 -2.70744
47.7 636.134 -2.75779
47.8 635.856 -2.80819
47.9 635.573 -2.85863
48 635.284 -2.90913
48.1 634.991 -2.95969
48.2 634.692 -3.0103
48.3 634.389 -3.06096
48.4 634.08 -3.11168
48.5 633.766 -3.16245
48.6 633.448 -3.21329
48.7 633.124 -3.26418
48.8 632.795 -3.31513
48.9 632.461 -3.36614
49 632.122 -3.41722
49.1 631.777 -3.46836
49.2 631.428 -3.51956
49.3 631.073 -3.57083
49.4 630.714 -3.62216
49.5 630.349 -3.67356
49.6 629.979 -3.72503
49.7 629.604 -3.77657
49.8 629.224 -3.82818
49.9 628.838 -3.87985
50 628.448 -3.93161
50.1 628.052 -3.98343
50.2 627.651 -4.03533
50.3 627.245 -4.08731
50.4 626.834 -4.13936
50.5 626.417 -4.19149
50.6 625.995 -4.2437
50.7 625.568 -4.29599
50.8 625.136 -4.34836
50.9 624.699 -4.40081
51 624.256 -4.45335
51.1 623.808 -4.50597
51.2 623.355 -4.55867
51.3 622.896 -4.61147
51.4 622.432 -4.66435
51.5 621.963 -4.71732
51.6 621.489 -4.77037
51.7 621.009 -4.82353
51.8 620.524 -4.87677
51.9 620.034 -4.93011
52 619.538 -4.98354
52.1 619.037 -5.03707
52.2 618.531 -5.09069
52.3 618.019 -5.14442
52.4 617.502 -5.19824
52.5 616.979 -5.25217
52.6 616.451 -5.3062
52.7 615.918 -5.36033
52.8 615.379 -5.41456
52.9 614.835 -5.46891
53 614.286 -5.52336
53.1 613.731 -5.57791
53.2 613.17 -5.63258
53.3 612.604 -5.68736
53.4 612.033 -5.74225
53.5 611.456 -5.79726
53.6 610.873 -5.85238
53.7 610.285 -5.90762
53.8 609.692 -5.96297
53.9 609.092 -6.01845
54 608.488 -6.07404
54.1 607.878 -6.12976
54.2 607.262 -6.1856
54.3 606.641 -6.24156
54.4 606.014 -6.29765
54.5 605.381 -6.35387
54.6 604.743 -6.41022
54.7 604.099 -6.4667
54.8 603.449 -6.52331
54.9 602.794 -6.58005
55 602.133 -6.63693
55.1 601.467 -6.69395
55.2 600.795 -6.7511
55.3 600.117 -6.80839
55.4 599.433 -6.86582
55.5 598.743 -6.9234
55.6 598.048 -6.98112
55.7 597.347 -7.03898
55.8 596.64 -7.097
55.9 595.928 -7.15516
56 595.209 -7.21347
56.1 594.485 -7.27193
56.2 593.755 -7.33055
56.3 593.019 -7.38932
56.4 592.277 -7.44825
56.5 591.529 -7.50734
56.6 590.776 -7.56658
56.7 590.016 -7.62599
56.8 589.25 -7.68557
56.9 588.479 -7.74531
57 587.701 -7.80521
57.1 586.918 -7.86529
57.2 586.128 -7.92553
57.3 585.333 -7.98595
57.4 584.531 -8.04654
57.5 583.723 -8.10731
57.6 582.91 -8.16826
57.7 582.09 -8.22939
57.8 581.264 -8.29069
57.9 580.432 -8.35219
58 579.593 -8.41386
58.1 578.749 -8.47573
58.2 577.898 -8.53778
58.3 577.041 -8.60003
58.4 576.178 -8.66247
58.5 575.309 -8.7251
58.6 574.433 -8.78794
58.7 573.551 -8.85097
58.8 572.663 -8.9142
58.9 571.768 -8.97764
59 570.867 -9.04128
59.1 569.96 -9.10513
59.2 569.046 -9.16919
59.3 568.126 -9.23347
59.4 567.2 -9.29796
59.5 566.267 -9.36266
59.6 565.327 -9.42758
59.7 564.381 -9.49273
59.8 563.429 -9.5581
59.9 562.47 -9.62369
60 561.504 -9.68951
60.1 560.532 -9.75557
60.2 559.553 -9.82185
60.3 558.567 -9.88837
60.4 557.575 -9.95513
60.5 556.576 -10.0221
60.6 555.571 -10.0894
60.7 554.558 -10.1569
60.8 553.539 -10.2246
60.9 552.513 -10.2926
61 551.481 -10.3608
61.1 550.441 -10.4293
61.2 549.395 -10.4981
61.3 548.342 -10.5671
61.4 547.281 -10.6364
61.5 546.214 -10.7059
61.6 545.14 -10.7757
61.7 544.059 -10.8458
61.8 542.971 -10.9161
61.9 541.876 -10.9868
62 540.774 -11.0577
62.1 539.664 -11.1289
62.2 538.548 -11.2004
62.3 537.424 -11.2722
62.4 536.293 -11.3442
62.5 535.155 -11.4166
62.6 534.01 -11.4893
62.7 532.858 -11.5622
62.8 531.698 -11.6355
62.9 530.53 -11.7091
63 529.356 -11.783
63.1 528.174 -11.8572
63.2 526.984 -11.9317
63.3 525.788 -12.0065
63.4 524.583 -12.0817
63.5 523.371 -12.1572
63.6 522.152 -12.233
63.7 520.925 -12.3092
63.8 519.69 -12.3857
63.9 518.447 -12.4625
64 517.197 -12.5397
64.1 515.939 -12.6173
64.2 514.674 -12.6952
64.3 513.4 -12.7734
64.4 512.119 -12.852
64.5 510.83 -12.931
64.6 509.533 -13.0104
64.7 508.228 -13.0901
64.8 506.915 -13.1702
64.9 505.594 -13.2507
65 504.265 -13.3316
65.1 502.928 -13.4128
65.2 501.582 -13.4945
65.3 500.229 -13.5765
65.4 498.867 -13.659
65.5 497.497 -13.7418
65.6 496.118 -13.8251
65.7 494.732 -13.9088
65.8 493.337 -13.9929
65.9 491.933 -14.0774
66 490.521 -14.1624
66.1 489.101 -14.2478
66.2 487.672 -14.3336
66.3 486.234 -14.4199
66.4 484.788 -14.5067
66.5 483.333 -14.5939
66.6 481.869 -14.6815
66.7 480.396 -14.7696
66.8 478.915 -14.8582
66.9 477.425 -14.9473
67 475.925 -15.0368
67.1 474.417 -15.1269
67.2 472.9 -15.2174
67.3 471.374 -15.3084
67.4 469.838 -15.4
67.5 468.294 -15.492
67.6 466.74 -15.5845
67.7 465.177 -15.6776
67.8 463.604 -15.7712
67.9 462.023 -15.8654
68 460.431 -15.96
68.1 458.83 -16.0553
68.2 457.22 -16.1511
68.3 455.6 -16.2474
68.4 453.971 -16.3443
68.5 452.331 -16.4418
68.6 450.682 -16.5398
68.7 449.023 -16.6385
68.8 447.355 -16.7377
68.9 445.676 -16.8376
69 443.987 -16.938
69.1 442.288 -17.0391
69.2 440.579 -17.1408
69.3 438.86 -17.2431
69.4 437.131 -17.346
69.5 435.391 -17.4497
69.6 433.641 -17.5539
69.7 431.88 -17.6588
69.8 430.109 -17.7644
69.9 428.327 -17.8707
70 426.535 -17.9777
70.1 424.732 -18.0853
70.2 422.918 -18.1937
70.3 421.093 -18.3027
70.4 419.257 -18.4125
70.5 417.41 -18.5231
70.6 415.552 -18.6343
70.7 413.683 -18.7463
70.8 411.803 -18.8591
70.9 409.912 -18.9727
71 408.009 -19.087
71.1 406.094 -19.2021
71.2 404.168 -19.318
71.3 402.23 -19.4348
71.4 400.281 -19.5523
71.5 398.32 -19.6707
71.6 396.347 -19.7899
71.7 394.362 -19.91
71.8 392.365 -20.031
71.9 390.356 -20.1528
72 388.334 -20.2755
72.1 386.301 -20.3991
72.2 384.254 -20.5236
72.3 382.196 -20.6491
72.4 380.125 -20.7755
72.5 378.041 -20.9028
72.6 375.944 -21.0311
72.7 373.834 -21.1604
72.8 371.712 -21.2907
72.9 369.576 -21.422
73 367.427 -21.5543
73.1 365.265 -21.6876
73.2 363.09 -21.822
73.3 360.901 -21.9574
73.4 358.698 -22.0939
73.5 356.482 -22.2315
73.6 354.252 -22.3703
73.7 352.008 -22.5101
73.8 349.75 -22.6511
73.9 347.478 -22.7932
74 345.191 -22.9365
74.1 342.89 -23.081
74.2 340.575 -23.2267
74.3 338.245 -23.3737
74.4 335.9 -23.5219
74.5 333.541 -23.6713
74.6 331.166 -23.822
74.7 328.776 -23.9741
74.8 326.371 -24.1274
74.9 323.951 -24.2821
75 321.515 -24.4382
75.1 319.063 -24.5956
75.2 316.595 -24.7544
75.3 314.112 -24.9147
75.4 311.612 -25.0764
75.5 309.097 -25.2396
75.6 306.565 -25.4043
75.7 304.016 -25.5704
75.8 301.45 -25.7382
75.9 298.868 -25.9075
76 296.269 -26.0784
76.1 293.652 -26.2508
76.2 291.019 -26.425
76.3 288.367 -26.6008
76.4 285.698 -26.7783
76.5 283.012 -26.9575
76.6 280.307 -27.1385
76.7 277.584 -27.3213
76.8 274.843 -27.5058
76.9 272.083 -27.6922
77 269.304 -27.8805
77.1 266.506 -28.0707
77.2 263.69 -28.2628
77.3 260.854 -28.4569
77.4 257.998 -28.653
77.5 255.123 -28.8512
77.6 252.228 -29.0514
77.7 249.313 -29.2537
77.8 246.377 -29.4581
77.9 243.421 -29.6648
78 240.444 -29.8737
78.1 237.446 -30.0848
78.2 234.427 -30.2982
78.3 231.387 -30.514
78.4 228.324 -30.7322
78.5 225.24 -30.9528
78.6 222.134 -31.1759
78.7 219.005 -31.4015
78.8 215.853 -31.6297
78.9 212.679 -31.8605
79 209.481 -32.0939
79.1 206.26 -32.3301
79.2 203.015 -32.5691
79.3 199.746 -32.8108
79.4 196.453 -33.0555
79.5 193.135 -33.3031
79.6 189.792 -33.5537
79.7 186.424 -33.8073
79.8 183.03 -34.0641
79.9 179.611 -34.324
80 176.166 -34.5872
80.1 172.694 -34.8536
80.2 169.195 -35.1235
80.3 165.669 -35.3968
80.4 162.115 -35.6736
80.5 158.534 -35.9539
80.6 154.924 -36.238
80.7 151.286 -36.5258
80.8 147.619 -36.8174
80.9 143.923 -37.1129
81 140.196 -37.4123
81.1 136.44 -37.7159
81.2 132.653 -38.0236
81.3 128.835 -38.3356
81.4 124.986 -38.6519
81.5 121.105 -38.9726
81.6 117.191 -39.2979
81.7 113.245 -39.6279
81.8 109.265 -39.9625
81.9 105.252 -40.3021
82 101.205 -40.6466
82.1 97.1226 -40.9962
82.2 93.0053 -41.3511
82.3 88.8523 -41.7112
82.4 84.6629 -42.0768
82.5 80.4367 -42.448
82.6 76.1731 -42.825
82.7 71.8715 -43.2078
82.8 67.5314 -43.5966
82.9 63.152 -43.9916
83 58.7328 -44.3929
83.1 54.2732 -44.8007
83.2 49.7725 -45.2151
83.3 45.2299 -45.6364
83.4 40.645 -46.0646
83.5 36.0168 -46.5
83.6 31.3447 -46.9428
83.7 26.628 -47.3932
83.8 21.8658 -47.8513
83.9 17.0575 -48.3174
84 12.2021 -48.7917
84.1 7.29884 -49.2744
84.2 2.34691 -49.7658
84.3 -2.65461 -50.266